D = [0.10241432456746534, -0.221511360963209, 0.013876461899852598, 0.019190862106050307, 0.0]
K = [774.6080992753051, 0.0, 342.43025342130454, 0.0, 774.119900069764, 264.8141938662542, 0.0, 0.0, 1.0]
R = [1.0, 0.0, 0.0, 0.0, 1.0, 0.0, 0.0, 0.0, 1.0]
P = [784.5642700195312, 0.0, 350.30056052189684, 0.0, 0.0, 790.1100463867188, 268.6188399239363, 0.0, 0.0, 0.0, 1.0, 0.0]
None
# oST version 5.0 parameters


[image]

width
640

height
480

[narrow_stereo]

camera matrix
774.608099 0.000000 342.430253
0.000000 774.119900 264.814194
0.000000 0.000000 1.000000

distortion
0.102414 -0.221511 0.013876 0.019191 0.000000

rectification
1.000000 0.000000 0.000000
0.000000 1.000000 0.000000
0.000000 0.000000 1.000000

projection
784.564270 0.000000 350.300561 0.000000
0.000000 790.110046 268.618840 0.000000
0.000000 0.000000 1.000000 0.000000

('Wrote calibration data to', '/tmp/calibrationdata.tar.gz')
('Wrote calibration data to', '/tmp/calibrationdata.tar.gz')
D = [0.10241432456746534, -0.221511360963209, 0.013876461899852598, 0.019190862106050307, 0.0]
K = [774.6080992753051, 0.0, 342.43025342130454, 0.0, 774.119900069764, 264.8141938662542, 0.0, 0.0, 1.0]
R = [1.0, 0.0, 0.0, 0.0, 1.0, 0.0, 0.0, 0.0, 1.0]
P = [784.5642700195312, 0.0, 350.30056052189684, 0.0, 0.0, 790.1100463867188, 268.6188399239363, 0.0, 0.0, 0.0, 1.0, 0.0]
# oST version 5.0 parameters


[image]

width
640

height
480

[narrow_stereo]

camera matrix
774.608099 0.000000 342.430253
0.000000 774.119900 264.814194
0.000000 0.000000 1.000000

distortion
0.102414 -0.221511 0.013876 0.019191 0.000000

rectification
1.000000 0.000000 0.000000
0.000000 1.000000 0.000000
0.000000 0.000000 1.000000

projection
784.564270 0.000000 350.300561 0.000000
0.000000 790.110046 268.618840 0.000000
0.000000 0.000000 1.000000 0.000000
